Model Matrix :
   0.7071   0.7071        0        0
  -0.7071   0.7071        0        0
        0        0   1.0000        0
   4.0000  -0.5000  -0.5000   1.0000
View Matrix :
        0        0   1.0000        0
   1.0000        0        0        0
        0   1.0000        0        0
        0        0        0   1.0000
Projection Matrix :
   1.0000        0        0        0
        0   1.0000        0        0
        0        0   1.0010  -1.0010
        0        0   1.0000        0
Transform Matrix :
   0.7071        0   0.7078  -0.7078
   0.7071        0  -0.7078   0.7078
        0   1.0000        0        0
  -0.5000  -0.5000   5.0040  -4.0040
Model Matrix :
   0.7071   0.7071        0        0
  -0.7071   0.7071        0        0
        0        0   1.0000        0
   4.0000   0.9142   0.5000   1.0000
View Matrix :
        0        0   1.0000        0
   1.0000        0        0        0
        0   1.0000        0        0
        0        0        0   1.0000
Projection Matrix :
   1.0000        0        0        0
        0   1.0000        0        0
        0        0   1.0010  -1.0010
        0        0   1.0000        0
Transform Matrix :
   0.7071        0   0.7078  -0.7078
   0.7071        0  -0.7078   0.7078
        0   1.0000        0        0
   0.9142   0.5000   5.0040  -4.0040
Model Matrix :
   0.7071   0.7071        0        0
  -0.7071   0.7071        0        0
        0        0   1.0000        0
   4.0000  -1.9142   0.5000   1.0000
View Matrix :
        0        0   1.0000        0
   1.0000        0        0        0
        0   1.0000        0        0
        0        0        0   1.0000
Projection Matrix :
   1.0000        0        0        0
        0   1.0000        0        0
        0        0   1.0010  -1.0010
        0        0   1.0000        0
Transform Matrix :
   0.7071        0   0.7078  -0.7078
   0.7071        0  -0.7078   0.7078
        0   1.0000        0        0
  -1.9142   0.5000   5.0040  -4.0040
Model Matrix :
   0.7071   0.7071        0        0
  -0.7071   0.7071        0        0
        0        0   1.0000        0
   4.0000  -0.5000  -0.5000   1.0000
View Matrix :
        0        0   1.0000        0
   1.0000        0        0        0
        0   1.0000        0        0
        0        0        0   1.0000
Projection Matrix :
   1.0000        0        0        0
        0   1.0000        0        0
        0        0   1.0010  -1.0010
        0        0   1.0000        0
Transform Matrix :
   0.7071        0   0.7078  -0.7078
   0.7071        0  -0.7078   0.7078
        0   1.0000        0        0
  -0.5000  -0.5000   5.0040  -4.0040
Model Matrix :
   0.7071   0.7071        0        0
  -0.7071   0.7071        0        0
        0        0   1.0000        0
   4.0000   0.9142   0.5000   1.0000
View Matrix :
        0        0   1.0000        0
   1.0000        0        0        0
        0   1.0000        0        0
        0        0        0   1.0000
Projection Matrix :
   1.0000        0        0        0
        0   1.0000        0        0
        0        0   1.0010  -1.0010
        0        0   1.0000        0
Transform Matrix :
   0.7071        0   0.7078  -0.7078
   0.7071        0  -0.7078   0.7078
        0   1.0000        0        0
   0.9142   0.5000   5.0040  -4.0040
Model Matrix :
   0.7071   0.7071        0        0
  -0.7071   0.7071        0        0
        0        0   1.0000        0
   4.0000  -1.9142   0.5000   1.0000
View Matrix :
        0        0   1.0000        0
   1.0000        0        0        0
        0   1.0000        0        0
        0        0        0   1.0000
Projection Matrix :
   1.0000        0        0        0
        0   1.0000        0        0
        0        0   1.0010  -1.0010
        0        0   1.0000        0
Transform Matrix :
   0.7071        0   0.7078  -0.7078
   0.7071        0  -0.7078   0.7078
        0   1.0000        0        0
  -1.9142   0.5000   5.0040  -4.0040
